0.0 212.0 298.0 163.0 1048 1242 375
1193.0 158.0 49.0 110.0 1050 1242 375
1046.0 152.0 168.0 98.0 1051 1242 375
972.0 154.0 120.0 80.0 1052 1242 375
913.0 158.0 109.0 64.0 1053 1242 375
888.0 164.0 69.0 50.0 1054 1242 375
865.0 161.0 74.0 27.0 1055 1242 375
742.0 176.0 174.0 120.0 1056 1242 375
712.0 183.0 58.0 64.0 1057 1242 375
392.0 178.0 120.0 79.0 1058 1242 375
775.0 159.0 84.0 24.0 1061 1242 375
541.0 177.0 19.0 43.0 1063 1242 375
549.0 175.0 24.0 35.0 1064 1242 375
591.0 173.0 42.0 21.0 1065 1242 375
