0.0 197.0 337.0 178.0 1008 1242 375
992.0 130.0 250.0 87.0 1010 1242 375
1186.0 136.0 56.0 22.0 1011 1242 375
436.0 186.0 64.0 58.0 1014 1242 375
325.0 187.0 131.0 88.0 1015 1242 375
716.0 171.0 70.0 46.0 1016 1242 375
482.0 180.0 47.0 46.0 1017 1242 375
521.0 183.0 29.0 31.0 1018 1242 375
638.0 179.0 38.0 29.0 1020 1242 375
707.0 172.0 111.0 33.0 1021 1242 375
682.0 174.0 38.0 26.0 1026 1242 375
664.0 169.0 29.0 10.0 1086 1242 375
578.0 171.0 45.0 14.0 1087 1242 375
479.0 174.0 32.0 9.0 1088 1242 375
