0.0 199.0 319.0 176.0 1008 1242 375
1010.0 128.0 232.0 92.0 1010 1242 375
1214.0 139.0 28.0 17.0 1011 1242 375
431.0 187.0 68.0 59.0 1014 1242 375
309.0 187.0 144.0 93.0 1015 1242 375
721.0 171.0 72.0 49.0 1016 1242 375
478.0 180.0 50.0 47.0 1017 1242 375
520.0 184.0 31.0 31.0 1018 1242 375
640.0 179.0 38.0 30.0 1020 1242 375
711.0 172.0 114.0 35.0 1021 1242 375
686.0 175.0 38.0 26.0 1026 1242 375
673.0 169.0 28.0 9.0 1086 1242 375
597.0 171.0 45.0 14.0 1087 1242 375
492.0 174.0 37.0 11.0 1088 1242 375
