0.0 215.0 205.0 160.0 1008 1242 375
1108.0 123.0 134.0 109.0 1010 1242 375
405.0 191.0 84.0 71.0 1014 1242 375
202.0 195.0 227.0 120.0 1015 1242 375
742.0 173.0 84.0 56.0 1016 1242 375
470.0 185.0 57.0 52.0 1017 1242 375
517.0 187.0 35.0 36.0 1018 1242 375
528.0 184.0 34.0 29.0 1019 1242 375
649.0 182.0 42.0 32.0 1020 1242 375
729.0 180.0 128.0 33.0 1021 1242 375
678.0 181.0 33.0 27.0 1025 1242 375
700.0 178.0 38.0 27.0 1026 1242 375
670.0 172.0 34.0 10.0 1087 1242 375
555.0 175.0 40.0 13.0 1088 1242 375
