0.0 221.0 156.0 154.0 1008 1242 375
1139.0 127.0 103.0 104.0 1010 1242 375
395.0 193.0 91.0 74.0 1014 1242 375
158.0 196.0 261.0 132.0 1015 1242 375
747.0 174.0 89.0 58.0 1016 1242 375
465.0 186.0 61.0 54.0 1017 1242 375
516.0 189.0 35.0 36.0 1018 1242 375
526.0 185.0 36.0 30.0 1019 1242 375
652.0 184.0 42.0 33.0 1020 1242 375
734.0 182.0 132.0 33.0 1021 1242 375
682.0 182.0 33.0 29.0 1025 1242 375
701.0 179.0 40.0 27.0 1026 1242 375
689.0 172.0 28.0 10.0 1087 1242 375
569.0 175.0 42.0 15.0 1088 1242 375
