901.0 188.0 341.0 187.0 1011 1242 375
0.0 199.0 268.0 171.0 1016 1242 375
352.0 189.0 101.0 58.0 1019 1242 375
436.0 187.0 46.0 43.0 1020 1242 375
471.0 185.0 33.0 35.0 1021 1242 375
493.0 183.0 30.0 30.0 1022 1242 375
783.0 159.0 95.0 36.0 1023 1242 375
781.0 157.0 45.0 24.0 1024 1242 375
760.0 161.0 42.0 31.0 1025 1242 375
1094.0 140.0 123.0 38.0 1028 1242 375
1056.0 145.0 49.0 33.0 1029 1242 375
1034.0 149.0 43.0 28.0 1030 1242 375
1011.0 147.0 53.0 30.0 1031 1242 375
664.0 173.0 31.0 29.0 1034 1242 375
