967.0 204.0 275.0 171.0 1011 1242 375
0.0 205.0 224.0 170.0 1016 1242 375
334.0 191.0 109.0 63.0 1019 1242 375
423.0 187.0 52.0 47.0 1020 1242 375
463.0 185.0 35.0 38.0 1021 1242 375
487.0 184.0 32.0 30.0 1022 1242 375
788.0 158.0 64.0 37.0 1023 1242 375
787.0 157.0 50.0 24.0 1024 1242 375
764.0 160.0 44.0 32.0 1025 1242 375
1112.0 137.0 126.0 39.0 1028 1242 375
1069.0 143.0 51.0 34.0 1029 1242 375
1046.0 148.0 44.0 28.0 1030 1242 375
1023.0 144.0 55.0 31.0 1031 1242 375
508.0 180.0 33.0 26.0 1033 1242 375
665.0 174.0 32.0 28.0 1034 1242 375
