1070.0 305.0 172.0 70.0 1011 1242 375
0.0 215.0 168.0 160.0 1016 1242 375
312.0 191.0 119.0 68.0 1019 1242 375
413.0 188.0 55.0 48.0 1020 1242 375
454.0 186.0 39.0 38.0 1021 1242 375
480.0 184.0 35.0 31.0 1022 1242 375
792.0 155.0 91.0 40.0 1023 1242 375
790.0 155.0 53.0 30.0 1024 1242 375
768.0 159.0 45.0 33.0 1025 1242 375
1129.0 134.0 113.0 42.0 1028 1242 375
1086.0 140.0 54.0 34.0 1029 1242 375
1064.0 145.0 44.0 26.0 1030 1242 375
1033.0 142.0 56.0 29.0 1031 1242 375
504.0 180.0 34.0 26.0 1033 1242 375
665.0 173.0 35.0 30.0 1034 1242 375
