0.0 267.0 95.0 108.0 1016 1242 375
286.0 193.0 132.0 74.0 1019 1242 375
398.0 190.0 61.0 50.0 1020 1242 375
445.0 187.0 42.0 40.0 1021 1242 375
473.0 185.0 37.0 32.0 1022 1242 375
799.0 154.0 110.0 43.0 1023 1242 375
796.0 155.0 55.0 35.0 1024 1242 375
771.0 159.0 47.0 34.0 1025 1242 375
1148.0 133.0 94.0 43.0 1028 1242 375
1099.0 139.0 62.0 33.0 1029 1242 375
1071.0 146.0 39.0 30.0 1030 1242 375
1043.0 143.0 61.0 33.0 1031 1242 375
500.0 181.0 34.0 27.0 1033 1242 375
666.0 174.0 36.0 30.0 1034 1242 375
