592.0 176.0 47.0 41.0 1000 1242 375
0.0 190.0 43.0 101.0 1011 1242 375
980.0 168.0 262.0 207.0 1012 1242 375
847.0 171.0 183.0 120.0 1013 1242 375
757.0 176.0 126.0 87.0 1014 1242 375
720.0 171.0 109.0 73.0 1015 1242 375
705.0 180.0 27.0 52.0 1016 1242 375
692.0 170.0 67.0 53.0 1017 1242 375
678.0 176.0 24.0 35.0 1019 1242 375
514.0 180.0 25.0 20.0 1021 1242 375
659.0 174.0 41.0 28.0 1022 1242 375
647.0 174.0 21.0 23.0 1023 1242 375
483.0 175.0 31.0 19.0 1031 1242 375
462.0 178.0 18.0 13.0 1055 1242 375
