589.0 173.0 53.0 48.0 1000 1242 375
271.0 190.0 118.0 64.0 1020 1242 375
795.0 171.0 224.0 115.0 1022 1242 375
708.0 173.0 111.0 63.0 1023 1242 375
705.0 174.0 65.0 44.0 1024 1242 375
699.0 167.0 74.0 47.0 1025 1242 375
652.0 173.0 12.0 28.0 1027 1242 375
646.0 170.0 15.0 21.0 1028 1242 375
374.0 175.0 56.0 31.0 1031 1242 375
426.0 176.0 28.0 28.0 1033 1242 375
450.0 179.0 29.0 20.0 1035 1242 375
487.0 176.0 24.0 15.0 1039 1242 375
357.0 177.0 26.0 16.0 1055 1242 375
114.0 186.0 19.0 21.0 1056 1242 375
