589.0 173.0 54.0 49.0 1000 1242 375
218.0 192.0 144.0 76.0 1020 1242 375
815.0 170.0 242.0 129.0 1022 1242 375
715.0 174.0 122.0 66.0 1023 1242 375
710.0 174.0 68.0 49.0 1024 1242 375
705.0 167.0 72.0 51.0 1025 1242 375
654.0 174.0 12.0 28.0 1027 1242 375
648.0 172.0 11.0 20.0 1028 1242 375
364.0 174.0 62.0 36.0 1031 1242 375
422.0 176.0 29.0 28.0 1033 1242 375
448.0 179.0 27.0 20.0 1035 1242 375
485.0 176.0 26.0 16.0 1039 1242 375
349.0 176.0 33.0 24.0 1055 1242 375
97.0 180.0 25.0 28.0 1056 1242 375
