589.0 174.0 55.0 49.0 1000 1242 375
145.0 197.0 181.0 89.0 1020 1242 375
838.0 171.0 264.0 144.0 1022 1242 375
724.0 175.0 135.0 72.0 1023 1242 375
716.0 175.0 77.0 56.0 1024 1242 375
708.0 168.0 76.0 53.0 1025 1242 375
656.0 172.0 13.0 31.0 1027 1242 375
649.0 173.0 13.0 20.0 1028 1242 375
357.0 174.0 65.0 39.0 1031 1242 375
417.0 177.0 30.0 29.0 1033 1242 375
446.0 180.0 27.0 22.0 1035 1242 375
484.0 177.0 28.0 16.0 1039 1242 375
345.0 178.0 30.0 25.0 1055 1242 375
82.0 181.0 29.0 29.0 1056 1242 375
