589.0 175.0 56.0 50.0 1000 1242 375
36.0 203.0 245.0 109.0 1020 1242 375
869.0 160.0 285.0 175.0 1022 1242 375
732.0 177.0 158.0 77.0 1023 1242 375
722.0 178.0 80.0 60.0 1024 1242 375
713.0 170.0 83.0 54.0 1025 1242 375
657.0 175.0 15.0 31.0 1027 1242 375
651.0 174.0 15.0 21.0 1028 1242 375
351.0 176.0 66.0 39.0 1031 1242 375
415.0 179.0 30.0 29.0 1033 1242 375
444.0 181.0 28.0 22.0 1035 1242 375
482.0 178.0 27.0 17.0 1039 1242 375
344.0 180.0 24.0 22.0 1055 1242 375
67.0 180.0 32.0 31.0 1056 1242 375
