589.0 176.0 57.0 51.0 1000 1242 375
0.0 211.0 214.0 140.0 1020 1242 375
907.0 174.0 318.0 189.0 1022 1242 375
741.0 178.0 172.0 83.0 1023 1242 375
729.0 179.0 83.0 62.0 1024 1242 375
719.0 170.0 85.0 57.0 1025 1242 375
658.0 175.0 16.0 32.0 1027 1242 375
651.0 175.0 15.0 21.0 1028 1242 375
345.0 177.0 68.0 41.0 1031 1242 375
406.0 180.0 35.0 30.0 1033 1242 375
440.0 183.0 29.0 22.0 1035 1242 375
480.0 179.0 28.0 17.0 1039 1242 375
333.0 181.0 28.0 25.0 1055 1242 375
52.0 184.0 35.0 29.0 1056 1242 375
