589.0 176.0 57.0 51.0 1000 1242 375
0.0 222.0 113.0 126.0 1020 1242 375
958.0 174.0 284.0 201.0 1022 1242 375
752.0 178.0 183.0 89.0 1023 1242 375
736.0 179.0 91.0 65.0 1024 1242 375
722.0 169.0 90.0 60.0 1025 1242 375
659.0 174.0 17.0 34.0 1027 1242 375
653.0 175.0 15.0 21.0 1028 1242 375
337.0 176.0 71.0 42.0 1031 1242 375
401.0 179.0 37.0 31.0 1033 1242 375
436.0 183.0 31.0 22.0 1035 1242 375
478.0 179.0 25.0 17.0 1039 1242 375
327.0 180.0 30.0 26.0 1055 1242 375
34.0 183.0 40.0 31.0 1056 1242 375
