584.0 175.0 89.0 81.0 1000 1242 375
727.0 170.0 125.0 80.0 1027 1242 375
680.0 172.0 64.0 36.0 1028 1242 375
668.0 174.0 21.0 24.0 1029 1242 375
658.0 174.0 14.0 20.0 1030 1242 375
0.0 178.0 183.0 103.0 1031 1242 375
179.0 181.0 120.0 63.0 1033 1242 375
298.0 186.0 80.0 38.0 1035 1242 375
423.0 178.0 44.0 27.0 1039 1242 375
455.0 174.0 31.0 27.0 1040 1242 375
488.0 175.0 30.0 20.0 1043 1242 375
532.0 176.0 24.0 14.0 1044 1242 375
1151.0 184.0 91.0 43.0 1050 1242 375
156.0 183.0 30.0 23.0 1055 1242 375
