584.0 175.0 90.0 82.0 1000 1242 375
731.0 169.0 138.0 83.0 1027 1242 375
682.0 171.0 67.0 37.0 1028 1242 375
668.0 173.0 18.0 26.0 1029 1242 375
659.0 174.0 15.0 18.0 1030 1242 375
0.0 178.0 171.0 107.0 1031 1242 375
169.0 181.0 124.0 64.0 1033 1242 375
293.0 186.0 81.0 39.0 1035 1242 375
421.0 178.0 46.0 26.0 1039 1242 375
454.0 174.0 31.0 26.0 1040 1242 375
488.0 174.0 30.0 20.0 1043 1242 375
532.0 175.0 23.0 15.0 1044 1242 375
1163.0 185.0 79.0 43.0 1050 1242 375
146.0 183.0 31.0 17.0 1055 1242 375
