585.0 174.0 91.0 84.0 1000 1242 375
735.0 169.0 153.0 85.0 1027 1242 375
684.0 170.0 69.0 38.0 1028 1242 375
670.0 172.0 18.0 26.0 1029 1242 375
660.0 173.0 14.0 19.0 1030 1242 375
0.0 178.0 157.0 109.0 1031 1242 375
158.0 180.0 126.0 66.0 1033 1242 375
294.0 185.0 76.0 40.0 1035 1242 375
419.0 178.0 48.0 25.0 1039 1242 375
453.0 173.0 31.0 27.0 1040 1242 375
487.0 174.0 31.0 20.0 1043 1242 375
532.0 174.0 24.0 15.0 1044 1242 375
1181.0 184.0 61.0 44.0 1050 1242 375
132.0 182.0 36.0 19.0 1055 1242 375
