584.0 174.0 94.0 85.0 1000 1242 375
739.0 169.0 170.0 88.0 1027 1242 375
685.0 170.0 74.0 38.0 1028 1242 375
670.0 172.0 20.0 26.0 1029 1242 375
662.0 173.0 13.0 19.0 1030 1242 375
0.0 178.0 143.0 106.0 1031 1242 375
144.0 180.0 136.0 67.0 1033 1242 375
277.0 184.0 89.0 41.0 1035 1242 375
417.0 177.0 45.0 25.0 1039 1242 375
452.0 172.0 31.0 28.0 1040 1242 375
486.0 174.0 31.0 19.0 1043 1242 375
530.0 174.0 26.0 15.0 1044 1242 375
1213.0 184.0 29.0 45.0 1050 1242 375
120.0 182.0 40.0 19.0 1055 1242 375
