583.0 172.0 103.0 94.0 1000 1242 375
765.0 165.0 196.0 107.0 1027 1242 375
690.0 168.0 87.0 41.0 1028 1242 375
672.0 170.0 28.0 28.0 1029 1242 375
665.0 170.0 19.0 15.0 1030 1242 375
0.0 177.0 71.0 104.0 1031 1242 375
72.0 178.0 173.0 77.0 1033 1242 375
252.0 184.0 95.0 44.0 1035 1242 375
406.0 175.0 52.0 27.0 1039 1242 375
445.0 171.0 32.0 28.0 1040 1242 375
481.0 172.0 33.0 21.0 1043 1242 375
525.0 172.0 30.0 15.0 1044 1242 375
324.0 174.0 41.0 26.0 1051 1242 375
41.0 181.0 62.0 22.0 1055 1242 375
