582.0 172.0 104.0 95.0 1000 1242 375
769.0 166.0 202.0 110.0 1027 1242 375
691.0 168.0 87.0 41.0 1028 1242 375
674.0 170.0 26.0 29.0 1029 1242 375
668.0 171.0 15.0 12.0 1030 1242 375
0.0 177.0 55.0 107.0 1031 1242 375
76.0 178.0 162.0 79.0 1033 1242 375
246.0 184.0 97.0 45.0 1035 1242 375
404.0 176.0 53.0 27.0 1039 1242 375
443.0 171.0 33.0 29.0 1040 1242 375
481.0 172.0 32.0 21.0 1043 1242 375
525.0 172.0 29.0 16.0 1044 1242 375
322.0 174.0 44.0 28.0 1051 1242 375
28.0 181.0 78.0 22.0 1055 1242 375
