582.0 173.0 105.0 95.0 1000 1242 375
774.0 165.0 206.0 114.0 1027 1242 375
692.0 169.0 86.0 41.0 1028 1242 375
674.0 170.0 27.0 28.0 1029 1242 375
667.0 170.0 17.0 16.0 1030 1242 375
0.0 180.0 41.0 104.0 1031 1242 375
41.0 178.0 191.0 81.0 1033 1242 375
240.0 184.0 100.0 46.0 1035 1242 375
401.0 126.0 55.0 77.0 1039 1242 375
442.0 171.0 33.0 29.0 1040 1242 375
479.0 172.0 34.0 21.0 1043 1242 375
523.0 173.0 30.0 15.0 1044 1242 375
320.0 175.0 38.0 28.0 1051 1242 375
27.0 180.0 69.0 28.0 1055 1242 375
