578.0 176.0 139.0 128.0 1000 1242 375
913.0 166.0 319.0 209.0 1027 1242 375
708.0 172.0 105.0 50.0 1028 1242 375
691.0 175.0 30.0 30.0 1029 1242 375
680.0 174.0 19.0 7.0 1030 1242 375
0.0 184.0 97.0 93.0 1033 1242 375
598.0 174.0 19.0 9.0 1034 1242 375
137.0 191.0 139.0 60.0 1035 1242 375
383.0 181.0 54.0 32.0 1039 1242 375
421.0 175.0 40.0 32.0 1040 1242 375
468.0 176.0 35.0 22.0 1043 1242 375
520.0 176.0 30.0 16.0 1044 1242 375
269.0 179.0 61.0 32.0 1051 1242 375
263.0 178.0 28.0 20.0 1054 1242 375
