577.0 176.0 142.0 131.0 1000 1242 375
925.0 166.0 317.0 209.0 1027 1242 375
710.0 172.0 105.0 51.0 1028 1242 375
693.0 175.0 29.0 31.0 1029 1242 375
681.0 175.0 14.0 6.0 1030 1242 375
0.0 185.0 88.0 94.0 1033 1242 375
596.0 174.0 19.0 11.0 1034 1242 375
131.0 192.0 142.0 60.0 1035 1242 375
380.0 181.0 56.0 32.0 1039 1242 375
420.0 175.0 40.0 32.0 1040 1242 375
468.0 176.0 35.0 22.0 1043 1242 375
520.0 176.0 31.0 16.0 1044 1242 375
264.0 179.0 52.0 33.0 1051 1242 375
260.0 179.0 26.0 21.0 1054 1242 375
