576.0 176.0 147.0 134.0 1000 1242 375
937.0 165.0 305.0 210.0 1027 1242 375
710.0 172.0 107.0 51.0 1028 1242 375
692.0 175.0 30.0 31.0 1029 1242 375
680.0 174.0 16.0 6.0 1030 1242 375
0.0 185.0 80.0 96.0 1033 1242 375
594.0 174.0 20.0 12.0 1034 1242 375
124.0 192.0 146.0 61.0 1035 1242 375
376.0 181.0 59.0 33.0 1039 1242 375
419.0 175.0 41.0 32.0 1040 1242 375
467.0 176.0 36.0 22.0 1043 1242 375
520.0 176.0 31.0 17.0 1044 1242 375
262.0 179.0 67.0 33.0 1051 1242 375
255.0 179.0 29.0 22.0 1054 1242 375
