575.0 175.0 152.0 138.0 1000 1242 375
951.0 164.0 291.0 211.0 1027 1242 375
711.0 171.0 108.0 52.0 1028 1242 375
695.0 174.0 29.0 25.0 1029 1242 375
684.0 175.0 13.0 5.0 1030 1242 375
0.0 185.0 72.0 98.0 1033 1242 375
592.0 174.0 21.0 13.0 1034 1242 375
119.0 192.0 147.0 63.0 1035 1242 375
374.0 181.0 60.0 33.0 1039 1242 375
419.0 175.0 40.0 33.0 1040 1242 375
467.0 176.0 36.0 22.0 1043 1242 375
519.0 176.0 32.0 16.0 1044 1242 375
261.0 179.0 66.0 33.0 1051 1242 375
248.0 179.0 33.0 24.0 1054 1242 375
