575.0 176.0 154.0 140.0 1000 1242 375
964.0 162.0 278.0 213.0 1027 1242 375
713.0 171.0 107.0 53.0 1028 1242 375
692.0 174.0 34.0 31.0 1029 1242 375
681.0 174.0 17.0 5.0 1030 1242 375
0.0 186.0 63.0 99.0 1033 1242 375
590.0 174.0 21.0 14.0 1034 1242 375
112.0 193.0 151.0 63.0 1035 1242 375
371.0 181.0 62.0 33.0 1039 1242 375
418.0 174.0 41.0 33.0 1040 1242 375
466.0 176.0 36.0 23.0 1043 1242 375
520.0 175.0 31.0 17.0 1044 1242 375
259.0 179.0 64.0 34.0 1051 1242 375
247.0 179.0 33.0 25.0 1054 1242 375
