575.0 175.0 157.0 144.0 1000 1242 375
980.0 165.0 262.0 210.0 1027 1242 375
714.0 170.0 109.0 54.0 1028 1242 375
700.0 173.0 28.0 24.0 1029 1242 375
688.0 173.0 20.0 5.0 1030 1242 375
0.0 186.0 56.0 101.0 1033 1242 375
588.0 173.0 20.0 14.0 1034 1242 375
106.0 193.0 154.0 63.0 1035 1242 375
369.0 180.0 64.0 34.0 1039 1242 375
417.0 174.0 42.0 33.0 1040 1242 375
466.0 176.0 36.0 22.0 1043 1242 375
520.0 175.0 31.0 17.0 1044 1242 375
257.0 179.0 54.0 34.0 1051 1242 375
242.0 179.0 35.0 24.0 1054 1242 375
