574.0 175.0 161.0 146.0 1000 1242 375
995.0 166.0 247.0 209.0 1027 1242 375
715.0 170.0 109.0 53.0 1028 1242 375
695.0 173.0 32.0 24.0 1029 1242 375
692.0 173.0 19.0 5.0 1030 1242 375
0.0 187.0 49.0 101.0 1033 1242 375
586.0 173.0 20.0 14.0 1034 1242 375
101.0 192.0 155.0 65.0 1035 1242 375
366.0 180.0 66.0 34.0 1039 1242 375
417.0 174.0 41.0 33.0 1040 1242 375
465.0 175.0 38.0 22.0 1043 1242 375
519.0 175.0 32.0 17.0 1044 1242 375
254.0 178.0 69.0 36.0 1051 1242 375
240.0 179.0 37.0 24.0 1054 1242 375
