574.0 174.0 163.0 150.0 1000 1242 375
1010.0 164.0 232.0 211.0 1027 1242 375
716.0 169.0 111.0 54.0 1028 1242 375
697.0 173.0 32.0 23.0 1029 1242 375
688.0 174.0 21.0 4.0 1030 1242 375
0.0 187.0 40.0 102.0 1033 1242 375
583.0 172.0 21.0 15.0 1034 1242 375
95.0 191.0 159.0 66.0 1035 1242 375
364.0 180.0 67.0 34.0 1039 1242 375
416.0 173.0 41.0 34.0 1040 1242 375
465.0 175.0 38.0 22.0 1043 1242 375
518.0 174.0 32.0 18.0 1044 1242 375
253.0 177.0 68.0 37.0 1051 1242 375
241.0 178.0 34.0 25.0 1054 1242 375
