574.0 174.0 166.0 153.0 1000 1242 375
1022.0 164.0 220.0 211.0 1027 1242 375
717.0 169.0 110.0 55.0 1028 1242 375
698.0 172.0 32.0 22.0 1029 1242 375
694.0 174.0 17.0 5.0 1030 1242 375
0.0 186.0 34.0 104.0 1033 1242 375
580.0 173.0 23.0 15.0 1034 1242 375
89.0 192.0 163.0 66.0 1035 1242 375
361.0 179.0 69.0 35.0 1039 1242 375
412.0 173.0 44.0 34.0 1040 1242 375
465.0 175.0 37.0 22.0 1043 1242 375
518.0 174.0 32.0 17.0 1044 1242 375
251.0 177.0 69.0 36.0 1051 1242 375
241.0 177.0 36.0 25.0 1054 1242 375
