571.0 175.0 186.0 170.0 1000 1242 375
1118.0 165.0 124.0 210.0 1027 1242 375
724.0 171.0 114.0 56.0 1028 1242 375
706.0 174.0 28.0 16.0 1029 1242 375
683.0 174.0 28.0 5.0 1030 1242 375
549.0 176.0 27.0 17.0 1034 1242 375
63.0 194.0 173.0 70.0 1035 1242 375
604.0 172.0 21.0 10.0 1036 1242 375
356.0 181.0 70.0 35.0 1039 1242 375
410.0 175.0 44.0 34.0 1040 1242 375
462.0 176.0 39.0 23.0 1043 1242 375
518.0 176.0 33.0 17.0 1044 1242 375
242.0 178.0 58.0 38.0 1051 1242 375
230.0 178.0 37.0 25.0 1054 1242 375
