571.0 175.0 188.0 172.0 1000 1242 375
1126.0 164.0 116.0 211.0 1027 1242 375
726.0 171.0 112.0 57.0 1028 1242 375
709.0 175.0 26.0 11.0 1029 1242 375
680.0 175.0 29.0 5.0 1030 1242 375
545.0 177.0 28.0 17.0 1034 1242 375
60.0 194.0 176.0 70.0 1035 1242 375
601.0 173.0 23.0 11.0 1036 1242 375
356.0 182.0 70.0 34.0 1039 1242 375
411.0 175.0 43.0 34.0 1040 1242 375
462.0 176.0 39.0 23.0 1043 1242 375
519.0 176.0 31.0 17.0 1044 1242 375
242.0 179.0 71.0 37.0 1051 1242 375
229.0 179.0 35.0 25.0 1054 1242 375
