570.0 175.0 190.0 174.0 1000 1242 375
1132.0 164.0 110.0 211.0 1027 1242 375
726.0 171.0 112.0 57.0 1028 1242 375
708.0 174.0 28.0 15.0 1029 1242 375
680.0 174.0 31.0 6.0 1030 1242 375
541.0 177.0 29.0 19.0 1034 1242 375
57.0 195.0 177.0 70.0 1035 1242 375
600.0 173.0 22.0 12.0 1036 1242 375
356.0 182.0 70.0 35.0 1039 1242 375
407.0 175.0 47.0 34.0 1040 1242 375
461.0 177.0 40.0 22.0 1043 1242 375
516.0 176.0 30.0 17.0 1044 1242 375
241.0 179.0 57.0 38.0 1051 1242 375
229.0 179.0 36.0 25.0 1054 1242 375
