570.0 175.0 191.0 175.0 1000 1242 375
1139.0 168.0 103.0 207.0 1027 1242 375
727.0 171.0 111.0 57.0 1028 1242 375
709.0 175.0 27.0 13.0 1029 1242 375
686.0 175.0 26.0 6.0 1030 1242 375
537.0 177.0 29.0 19.0 1034 1242 375
56.0 195.0 178.0 70.0 1035 1242 375
597.0 173.0 23.0 14.0 1036 1242 375
355.0 182.0 71.0 35.0 1039 1242 375
410.0 175.0 44.0 34.0 1040 1242 375
462.0 176.0 39.0 23.0 1043 1242 375
517.0 177.0 28.0 17.0 1044 1242 375
240.0 179.0 73.0 38.0 1051 1242 375
228.0 179.0 37.0 24.0 1054 1242 375
