570.0 175.0 192.0 176.0 1000 1242 375
1147.0 175.0 95.0 200.0 1027 1242 375
727.0 171.0 113.0 57.0 1028 1242 375
704.0 174.0 32.0 13.0 1029 1242 375
684.0 175.0 22.0 5.0 1030 1242 375
533.0 178.0 29.0 19.0 1034 1242 375
56.0 195.0 177.0 70.0 1035 1242 375
595.0 173.0 23.0 15.0 1036 1242 375
355.0 181.0 70.0 36.0 1039 1242 375
410.0 175.0 43.0 34.0 1040 1242 375
462.0 176.0 39.0 24.0 1043 1242 375
518.0 177.0 27.0 16.0 1044 1242 375
240.0 179.0 73.0 38.0 1051 1242 375
227.0 179.0 36.0 24.0 1054 1242 375
