571.0 175.0 192.0 176.0 1000 1242 375
1153.0 185.0 89.0 190.0 1027 1242 375
728.0 171.0 111.0 57.0 1028 1242 375
696.0 175.0 41.0 11.0 1029 1242 375
678.0 175.0 20.0 6.0 1030 1242 375
529.0 177.0 30.0 20.0 1034 1242 375
54.0 194.0 177.0 71.0 1035 1242 375
592.0 173.0 24.0 15.0 1036 1242 375
355.0 181.0 70.0 36.0 1039 1242 375
411.0 175.0 42.0 34.0 1040 1242 375
461.0 176.0 39.0 23.0 1043 1242 375
518.0 177.0 22.0 16.0 1044 1242 375
240.0 179.0 72.0 38.0 1051 1242 375
227.0 179.0 37.0 24.0 1054 1242 375
