570.0 175.0 195.0 178.0 1000 1242 375
1159.0 190.0 83.0 185.0 1027 1242 375
728.0 171.0 112.0 57.0 1028 1242 375
702.0 175.0 35.0 12.0 1029 1242 375
679.0 176.0 26.0 5.0 1030 1242 375
526.0 178.0 32.0 20.0 1034 1242 375
53.0 194.0 178.0 71.0 1035 1242 375
590.0 173.0 25.0 15.0 1036 1242 375
355.0 181.0 70.0 36.0 1039 1242 375
411.0 175.0 42.0 34.0 1040 1242 375
462.0 176.0 38.0 23.0 1043 1242 375
518.0 177.0 17.0 16.0 1044 1242 375
239.0 179.0 58.0 38.0 1051 1242 375
227.0 179.0 38.0 25.0 1054 1242 375
