571.0 175.0 194.0 179.0 1000 1242 375
1164.0 198.0 78.0 177.0 1027 1242 375
728.0 171.0 112.0 57.0 1028 1242 375
697.0 175.0 40.0 11.0 1029 1242 375
678.0 175.0 21.0 6.0 1030 1242 375
521.0 177.0 32.0 21.0 1034 1242 375
52.0 194.0 179.0 71.0 1035 1242 375
589.0 173.0 23.0 15.0 1036 1242 375
355.0 181.0 70.0 36.0 1039 1242 375
412.0 175.0 41.0 34.0 1040 1242 375
461.0 176.0 39.0 23.0 1043 1242 375
516.0 176.0 15.0 15.0 1044 1242 375
238.0 179.0 71.0 38.0 1051 1242 375
227.0 179.0 39.0 26.0 1054 1242 375
