570.0 175.0 195.0 179.0 1000 1242 375
1171.0 210.0 71.0 165.0 1027 1242 375
729.0 171.0 112.0 57.0 1028 1242 375
697.0 174.0 39.0 10.0 1029 1242 375
678.0 175.0 29.0 6.0 1030 1242 375
513.0 178.0 34.0 22.0 1034 1242 375
50.0 195.0 180.0 71.0 1035 1242 375
584.0 173.0 24.0 16.0 1036 1242 375
354.0 181.0 71.0 36.0 1039 1242 375
411.0 174.0 42.0 35.0 1040 1242 375
461.0 176.0 39.0 23.0 1043 1242 375
543.0 178.0 7.0 8.0 1044 1242 375
238.0 179.0 73.0 38.0 1051 1242 375
227.0 178.0 39.0 26.0 1054 1242 375
