571.0 175.0 194.0 178.0 1000 1242 375
1173.0 211.0 69.0 164.0 1027 1242 375
729.0 171.0 113.0 58.0 1028 1242 375
705.0 174.0 33.0 12.0 1029 1242 375
682.0 175.0 24.0 6.0 1030 1242 375
509.0 179.0 34.0 22.0 1034 1242 375
49.0 194.0 180.0 71.0 1035 1242 375
581.0 174.0 25.0 15.0 1036 1242 375
354.0 181.0 71.0 36.0 1039 1242 375
410.0 174.0 43.0 35.0 1040 1242 375
461.0 176.0 39.0 23.0 1043 1242 375
534.0 177.0 15.0 16.0 1044 1242 375
238.0 179.0 72.0 38.0 1051 1242 375
226.0 179.0 36.0 25.0 1054 1242 375
