571.0 175.0 194.0 178.0 1000 1242 375
1173.0 210.0 69.0 165.0 1027 1242 375
729.0 171.0 113.0 57.0 1028 1242 375
704.0 174.0 32.0 11.0 1029 1242 375
693.0 176.0 16.0 5.0 1030 1242 375
504.0 179.0 36.0 23.0 1034 1242 375
48.0 194.0 182.0 71.0 1035 1242 375
578.0 173.0 26.0 17.0 1036 1242 375
354.0 181.0 70.0 36.0 1039 1242 375
409.0 174.0 44.0 35.0 1040 1242 375
461.0 176.0 38.0 23.0 1043 1242 375
531.0 176.0 19.0 16.0 1044 1242 375
238.0 179.0 72.0 38.0 1051 1242 375
227.0 178.0 37.0 26.0 1054 1242 375
