571.0 175.0 193.0 178.0 1000 1242 375
1172.0 210.0 70.0 165.0 1027 1242 375
729.0 171.0 113.0 58.0 1028 1242 375
698.0 174.0 39.0 12.0 1029 1242 375
690.0 176.0 9.0 5.0 1030 1242 375
501.0 179.0 35.0 23.0 1034 1242 375
49.0 195.0 181.0 71.0 1035 1242 375
576.0 174.0 26.0 16.0 1036 1242 375
354.0 181.0 70.0 36.0 1039 1242 375
411.0 174.0 42.0 35.0 1040 1242 375
461.0 176.0 40.0 23.0 1043 1242 375
527.0 176.0 23.0 18.0 1044 1242 375
238.0 179.0 73.0 38.0 1051 1242 375
227.0 179.0 33.0 25.0 1054 1242 375
