571.0 177.0 194.0 176.0 1000 1242 375
1173.0 210.0 69.0 165.0 1027 1242 375
728.0 171.0 113.0 58.0 1028 1242 375
698.0 175.0 39.0 13.0 1029 1242 375
683.0 176.0 20.0 5.0 1030 1242 375
495.0 180.0 37.0 24.0 1034 1242 375
49.0 196.0 181.0 70.0 1035 1242 375
573.0 175.0 27.0 16.0 1036 1242 375
354.0 182.0 71.0 36.0 1039 1242 375
409.0 175.0 44.0 35.0 1040 1242 375
461.0 177.0 37.0 23.0 1043 1242 375
525.0 177.0 24.0 17.0 1044 1242 375
238.0 180.0 73.0 37.0 1051 1242 375
227.0 180.0 37.0 24.0 1054 1242 375
