571.0 178.0 193.0 175.0 1000 1242 375
1172.0 211.0 70.0 164.0 1027 1242 375
728.0 172.0 112.0 57.0 1028 1242 375
699.0 176.0 38.0 11.0 1029 1242 375
684.0 177.0 17.0 5.0 1030 1242 375
490.0 181.0 39.0 25.0 1034 1242 375
49.0 196.0 181.0 71.0 1035 1242 375
571.0 175.0 27.0 17.0 1036 1242 375
354.0 183.0 71.0 35.0 1039 1242 375
410.0 176.0 43.0 35.0 1040 1242 375
461.0 177.0 35.0 23.0 1043 1242 375
523.0 177.0 26.0 18.0 1044 1242 375
238.0 180.0 74.0 38.0 1051 1242 375
227.0 180.0 34.0 24.0 1054 1242 375
