571.0 177.0 190.0 173.0 1000 1242 375
1173.0 210.0 69.0 165.0 1027 1242 375
727.0 172.0 113.0 57.0 1028 1242 375
709.0 175.0 28.0 12.0 1029 1242 375
691.0 176.0 24.0 8.0 1030 1242 375
485.0 181.0 40.0 25.0 1034 1242 375
49.0 196.0 181.0 71.0 1035 1242 375
568.0 175.0 27.0 17.0 1036 1242 375
354.0 183.0 71.0 35.0 1039 1242 375
409.0 176.0 44.0 34.0 1040 1242 375
461.0 177.0 34.0 23.0 1043 1242 375
520.0 177.0 29.0 18.0 1044 1242 375
238.0 180.0 73.0 38.0 1051 1242 375
225.0 180.0 38.0 24.0 1054 1242 375
