571.0 178.0 188.0 170.0 1000 1242 375
1173.0 211.0 69.0 164.0 1027 1242 375
726.0 172.0 114.0 57.0 1028 1242 375
698.0 175.0 42.0 18.0 1029 1242 375
686.0 177.0 21.0 7.0 1030 1242 375
483.0 181.0 38.0 27.0 1034 1242 375
50.0 196.0 180.0 71.0 1035 1242 375
565.0 175.0 27.0 18.0 1036 1242 375
354.0 183.0 71.0 35.0 1039 1242 375
410.0 176.0 43.0 35.0 1040 1242 375
461.0 177.0 33.0 23.0 1043 1242 375
519.0 177.0 30.0 18.0 1044 1242 375
238.0 180.0 73.0 38.0 1051 1242 375
226.0 181.0 36.0 23.0 1054 1242 375
