571.0 177.0 185.0 169.0 1000 1242 375
1173.0 213.0 69.0 162.0 1027 1242 375
726.0 173.0 114.0 57.0 1028 1242 375
700.0 176.0 37.0 18.0 1029 1242 375
684.0 177.0 19.0 7.0 1030 1242 375
473.0 182.0 44.0 27.0 1034 1242 375
49.0 197.0 181.0 71.0 1035 1242 375
562.0 176.0 29.0 18.0 1036 1242 375
354.0 183.0 71.0 36.0 1039 1242 375
411.0 176.0 42.0 35.0 1040 1242 375
461.0 177.0 34.0 23.0 1043 1242 375
517.0 178.0 32.0 17.0 1044 1242 375
238.0 181.0 73.0 38.0 1051 1242 375
225.0 181.0 37.0 24.0 1054 1242 375
