572.0 178.0 180.0 164.0 1000 1242 375
1174.0 214.0 68.0 161.0 1027 1242 375
724.0 173.0 117.0 57.0 1028 1242 375
699.0 176.0 38.0 19.0 1029 1242 375
692.0 177.0 12.0 7.0 1030 1242 375
467.0 182.0 45.0 29.0 1034 1242 375
49.0 197.0 181.0 71.0 1035 1242 375
560.0 176.0 28.0 18.0 1036 1242 375
354.0 183.0 71.0 36.0 1039 1242 375
410.0 177.0 43.0 34.0 1040 1242 375
461.0 177.0 34.0 25.0 1043 1242 375
519.0 178.0 31.0 18.0 1044 1242 375
238.0 181.0 72.0 38.0 1051 1242 375
227.0 181.0 37.0 24.0 1054 1242 375
