574.0 178.0 176.0 161.0 1000 1242 375
1176.0 216.0 66.0 159.0 1027 1242 375
724.0 173.0 117.0 57.0 1028 1242 375
699.0 176.0 39.0 23.0 1029 1242 375
684.0 176.0 20.0 7.0 1030 1242 375
461.0 183.0 46.0 29.0 1034 1242 375
48.0 197.0 182.0 71.0 1035 1242 375
557.0 177.0 28.0 18.0 1036 1242 375
601.0 174.0 21.0 14.0 1037 1242 375
354.0 183.0 71.0 36.0 1039 1242 375
411.0 177.0 41.0 34.0 1040 1242 375
459.0 178.0 36.0 23.0 1043 1242 375
518.0 178.0 32.0 18.0 1044 1242 375
238.0 181.0 72.0 38.0 1051 1242 375
227.0 181.0 38.0 24.0 1054 1242 375
