574.0 177.0 173.0 158.0 1000 1242 375
1179.0 218.0 63.0 157.0 1027 1242 375
724.0 173.0 118.0 57.0 1028 1242 375
699.0 176.0 38.0 24.0 1029 1242 375
688.0 177.0 15.0 6.0 1030 1242 375
453.0 183.0 49.0 30.0 1034 1242 375
48.0 197.0 181.0 71.0 1035 1242 375
555.0 177.0 28.0 18.0 1036 1242 375
599.0 174.0 22.0 15.0 1037 1242 375
354.0 183.0 70.0 36.0 1039 1242 375
410.0 177.0 44.0 34.0 1040 1242 375
465.0 178.0 31.0 6.0 1043 1242 375
518.0 178.0 32.0 18.0 1044 1242 375
238.0 181.0 72.0 38.0 1051 1242 375
227.0 181.0 34.0 24.0 1054 1242 375
