573.0 177.0 170.0 153.0 1000 1242 375
1181.0 220.0 61.0 155.0 1027 1242 375
724.0 173.0 117.0 57.0 1028 1242 375
699.0 176.0 38.0 28.0 1029 1242 375
683.0 177.0 19.0 7.0 1030 1242 375
445.0 184.0 51.0 31.0 1034 1242 375
48.0 197.0 180.0 71.0 1035 1242 375
555.0 177.0 25.0 18.0 1036 1242 375
597.0 175.0 22.0 15.0 1037 1242 375
354.0 183.0 70.0 36.0 1039 1242 375
411.0 177.0 41.0 34.0 1040 1242 375
465.0 178.0 35.0 22.0 1043 1242 375
517.0 178.0 32.0 17.0 1044 1242 375
238.0 181.0 73.0 38.0 1051 1242 375
227.0 182.0 33.0 22.0 1054 1242 375
