575.0 178.0 163.0 147.0 1000 1242 375
1184.0 223.0 58.0 152.0 1027 1242 375
724.0 173.0 117.0 57.0 1028 1242 375
695.0 176.0 43.0 36.0 1029 1242 375
687.0 177.0 17.0 6.0 1030 1242 375
436.0 184.0 54.0 34.0 1034 1242 375
47.0 197.0 180.0 71.0 1035 1242 375
549.0 177.0 29.0 19.0 1036 1242 375
595.0 175.0 22.0 15.0 1037 1242 375
354.0 183.0 70.0 36.0 1039 1242 375
410.0 176.0 41.0 34.0 1040 1242 375
465.0 178.0 35.0 23.0 1043 1242 375
518.0 178.0 33.0 18.0 1044 1242 375
238.0 181.0 73.0 38.0 1051 1242 375
226.0 181.0 35.0 24.0 1054 1242 375
