577.0 178.0 158.0 143.0 1000 1242 375
1188.0 230.0 54.0 145.0 1027 1242 375
724.0 173.0 117.0 58.0 1028 1242 375
695.0 176.0 42.0 36.0 1029 1242 375
686.0 177.0 17.0 7.0 1030 1242 375
428.0 185.0 54.0 34.0 1034 1242 375
45.0 197.0 183.0 71.0 1035 1242 375
544.0 177.0 32.0 20.0 1036 1242 375
592.0 175.0 25.0 16.0 1037 1242 375
353.0 184.0 71.0 35.0 1039 1242 375
408.0 176.0 43.0 33.0 1040 1242 375
466.0 178.0 34.0 24.0 1043 1242 375
518.0 178.0 31.0 17.0 1044 1242 375
237.0 181.0 73.0 38.0 1051 1242 375
225.0 180.0 39.0 25.0 1054 1242 375
