579.0 179.0 152.0 137.0 1000 1242 375
1195.0 240.0 47.0 135.0 1027 1242 375
724.0 173.0 117.0 58.0 1028 1242 375
697.0 176.0 41.0 35.0 1029 1242 375
687.0 177.0 17.0 7.0 1030 1242 375
416.0 185.0 61.0 37.0 1034 1242 375
44.0 197.0 184.0 72.0 1035 1242 375
542.0 177.0 31.0 21.0 1036 1242 375
590.0 175.0 23.0 16.0 1037 1242 375
353.0 184.0 69.0 35.0 1039 1242 375
407.0 176.0 43.0 19.0 1040 1242 375
465.0 178.0 35.0 25.0 1043 1242 375
517.0 178.0 31.0 18.0 1044 1242 375
237.0 181.0 58.0 38.0 1051 1242 375
226.0 182.0 34.0 23.0 1054 1242 375
