580.0 178.0 147.0 133.0 1000 1242 375
1200.0 251.0 42.0 124.0 1027 1242 375
725.0 173.0 118.0 58.0 1028 1242 375
698.0 177.0 39.0 35.0 1029 1242 375
685.0 177.0 18.0 7.0 1030 1242 375
405.0 186.0 64.0 39.0 1034 1242 375
42.0 197.0 186.0 72.0 1035 1242 375
538.0 177.0 32.0 21.0 1036 1242 375
588.0 175.0 24.0 17.0 1037 1242 375
353.0 184.0 65.0 35.0 1039 1242 375
407.0 177.0 43.0 14.0 1040 1242 375
463.0 178.0 38.0 25.0 1043 1242 375
518.0 179.0 29.0 17.0 1044 1242 375
236.0 181.0 74.0 39.0 1051 1242 375
226.0 181.0 35.0 25.0 1054 1242 375
