582.0 179.0 140.0 128.0 1000 1242 375
1208.0 242.0 34.0 133.0 1027 1242 375
724.0 174.0 118.0 58.0 1028 1242 375
697.0 177.0 40.0 35.0 1029 1242 375
681.0 177.0 27.0 12.0 1030 1242 375
393.0 188.0 68.0 40.0 1034 1242 375
40.0 198.0 186.0 72.0 1035 1242 375
536.0 178.0 32.0 22.0 1036 1242 375
585.0 176.0 25.0 17.0 1037 1242 375
351.0 184.0 63.0 34.0 1039 1242 375
409.0 177.0 45.0 16.0 1040 1242 375
460.0 179.0 40.0 24.0 1043 1242 375
517.0 179.0 27.0 18.0 1044 1242 375
236.0 182.0 75.0 38.0 1051 1242 375
224.0 182.0 34.0 25.0 1054 1242 375
