584.0 179.0 135.0 124.0 1000 1242 375
1214.0 243.0 28.0 132.0 1027 1242 375
725.0 175.0 118.0 57.0 1028 1242 375
696.0 177.0 41.0 35.0 1029 1242 375
679.0 179.0 25.0 13.0 1030 1242 375
379.0 189.0 73.0 42.0 1034 1242 375
40.0 199.0 186.0 72.0 1035 1242 375
532.0 180.0 32.0 21.0 1036 1242 375
583.0 176.0 25.0 18.0 1037 1242 375
352.0 185.0 53.0 33.0 1039 1242 375
404.0 178.0 49.0 25.0 1040 1242 375
461.0 180.0 39.0 23.0 1043 1242 375
517.0 180.0 22.0 17.0 1044 1242 375
236.0 183.0 57.0 38.0 1051 1242 375
224.0 182.0 37.0 25.0 1054 1242 375
