586.0 179.0 129.0 120.0 1000 1242 375
1233.0 245.0 9.0 130.0 1027 1242 375
725.0 175.0 118.0 58.0 1028 1242 375
696.0 179.0 42.0 35.0 1029 1242 375
681.0 179.0 23.0 14.0 1030 1242 375
363.0 190.0 78.0 47.0 1034 1242 375
36.0 199.0 189.0 73.0 1035 1242 375
529.0 181.0 33.0 21.0 1036 1242 375
581.0 177.0 25.0 18.0 1037 1242 375
351.0 186.0 53.0 34.0 1039 1242 375
406.0 179.0 45.0 32.0 1040 1242 375
460.0 180.0 40.0 25.0 1043 1242 375
517.0 181.0 19.0 15.0 1044 1242 375
234.0 183.0 74.0 38.0 1051 1242 375
219.0 183.0 42.0 24.0 1054 1242 375
