587.0 180.0 125.0 115.0 1000 1242 375
725.0 176.0 119.0 58.0 1028 1242 375
695.0 179.0 44.0 35.0 1029 1242 375
681.0 179.0 21.0 18.0 1030 1242 375
344.0 190.0 86.0 51.0 1034 1242 375
32.0 199.0 192.0 74.0 1035 1242 375
525.0 181.0 33.0 22.0 1036 1242 375
578.0 177.0 27.0 19.0 1037 1242 375
354.0 185.0 58.0 22.0 1039 1242 375
405.0 179.0 46.0 35.0 1040 1242 375
459.0 181.0 41.0 24.0 1043 1242 375
516.0 182.0 17.0 15.0 1044 1242 375
233.0 184.0 73.0 38.0 1051 1242 375
221.0 184.0 36.0 24.0 1054 1242 375
