588.0 180.0 120.0 111.0 1000 1242 375
725.0 176.0 119.0 58.0 1028 1242 375
696.0 179.0 43.0 35.0 1029 1242 375
680.0 180.0 24.0 19.0 1030 1242 375
327.0 192.0 89.0 53.0 1034 1242 375
29.0 199.0 192.0 75.0 1035 1242 375
521.0 181.0 32.0 22.0 1036 1242 375
575.0 178.0 27.0 18.0 1037 1242 375
356.0 148.0 65.0 70.0 1039 1242 375
408.0 179.0 43.0 35.0 1040 1242 375
459.0 181.0 41.0 24.0 1043 1242 375
518.0 182.0 13.0 16.0 1044 1242 375
232.0 184.0 72.0 38.0 1051 1242 375
219.0 184.0 34.0 25.0 1054 1242 375
