590.0 180.0 115.0 108.0 1000 1242 375
725.0 175.0 121.0 59.0 1028 1242 375
691.0 180.0 47.0 35.0 1029 1242 375
682.0 180.0 21.0 20.0 1030 1242 375
298.0 193.0 103.0 57.0 1034 1242 375
25.0 200.0 193.0 74.0 1035 1242 375
517.0 182.0 35.0 22.0 1036 1242 375
572.0 178.0 27.0 18.0 1037 1242 375
369.0 186.0 51.0 33.0 1039 1242 375
403.0 179.0 48.0 36.0 1040 1242 375
459.0 181.0 42.0 24.0 1043 1242 375
520.0 183.0 26.0 6.0 1044 1242 375
230.0 184.0 60.0 38.0 1051 1242 375
215.0 184.0 43.0 23.0 1054 1242 375
