590.0 180.0 113.0 104.0 1000 1242 375
726.0 176.0 122.0 59.0 1028 1242 375
695.0 179.0 44.0 37.0 1029 1242 375
682.0 179.0 23.0 25.0 1030 1242 375
269.0 194.0 114.0 65.0 1034 1242 375
18.0 201.0 197.0 75.0 1035 1242 375
512.0 182.0 38.0 24.0 1036 1242 375
570.0 178.0 27.0 19.0 1037 1242 375
363.0 186.0 57.0 37.0 1039 1242 375
404.0 180.0 46.0 35.0 1040 1242 375
458.0 181.0 40.0 25.0 1043 1242 375
545.0 181.0 7.0 5.0 1044 1242 375
229.0 184.0 59.0 39.0 1051 1242 375
214.0 184.0 40.0 25.0 1054 1242 375
