591.0 179.0 109.0 103.0 1000 1242 375
727.0 176.0 122.0 60.0 1028 1242 375
695.0 179.0 45.0 37.0 1029 1242 375
680.0 180.0 24.0 25.0 1030 1242 375
232.0 196.0 132.0 71.0 1034 1242 375
13.0 201.0 198.0 76.0 1035 1242 375
507.0 183.0 39.0 24.0 1036 1242 375
567.0 179.0 27.0 19.0 1037 1242 375
601.0 178.0 21.0 16.0 1038 1242 375
353.0 187.0 66.0 37.0 1039 1242 375
401.0 180.0 49.0 36.0 1040 1242 375
458.0 181.0 42.0 25.0 1043 1242 375
543.0 183.0 7.0 12.0 1044 1242 375
225.0 184.0 57.0 38.0 1051 1242 375
210.0 185.0 40.0 25.0 1054 1242 375
