591.0 180.0 107.0 99.0 1000 1242 375
728.0 176.0 123.0 61.0 1028 1242 375
694.0 180.0 47.0 37.0 1029 1242 375
679.0 180.0 25.0 27.0 1030 1242 375
190.0 198.0 149.0 77.0 1034 1242 375
5.0 202.0 200.0 76.0 1035 1242 375
502.0 184.0 40.0 24.0 1036 1242 375
564.0 180.0 28.0 19.0 1037 1242 375
599.0 178.0 20.0 16.0 1038 1242 375
344.0 187.0 74.0 37.0 1039 1242 375
400.0 180.0 48.0 36.0 1040 1242 375
456.0 182.0 43.0 25.0 1043 1242 375
525.0 181.0 23.0 16.0 1044 1242 375
224.0 185.0 58.0 25.0 1051 1242 375
205.0 185.0 47.0 21.0 1054 1242 375
