592.0 181.0 103.0 95.0 1000 1242 375
728.0 177.0 123.0 61.0 1028 1242 375
693.0 180.0 50.0 36.0 1029 1242 375
679.0 181.0 25.0 26.0 1030 1242 375
133.0 201.0 157.0 85.0 1034 1242 375
0.0 202.0 186.0 78.0 1035 1242 375
497.0 184.0 41.0 25.0 1036 1242 375
561.0 180.0 28.0 20.0 1037 1242 375
597.0 179.0 21.0 15.0 1038 1242 375
342.0 188.0 74.0 37.0 1039 1242 375
400.0 181.0 47.0 36.0 1040 1242 375
455.0 182.0 43.0 25.0 1043 1242 375
532.0 183.0 17.0 16.0 1044 1242 375
226.0 186.0 58.0 16.0 1051 1242 375
202.0 186.0 43.0 18.0 1054 1242 375
