593.0 182.0 99.0 91.0 1000 1242 375
729.0 177.0 125.0 62.0 1028 1242 375
695.0 181.0 48.0 37.0 1029 1242 375
677.0 181.0 29.0 27.0 1030 1242 375
60.0 203.0 213.0 101.0 1034 1242 375
0.0 203.0 167.0 80.0 1035 1242 375
491.0 185.0 42.0 26.0 1036 1242 375
557.0 181.0 30.0 20.0 1037 1242 375
594.0 179.0 21.0 16.0 1038 1242 375
341.0 189.0 74.0 37.0 1039 1242 375
397.0 181.0 49.0 37.0 1040 1242 375
454.0 184.0 41.0 24.0 1043 1242 375
526.0 183.0 21.0 18.0 1044 1242 375
223.0 187.0 56.0 30.0 1051 1242 375
200.0 186.0 49.0 17.0 1054 1242 375
