594.0 182.0 96.0 89.0 1000 1242 375
730.0 178.0 125.0 62.0 1028 1242 375
695.0 181.0 49.0 37.0 1029 1242 375
677.0 182.0 26.0 25.0 1030 1242 375
0.0 206.0 229.0 118.0 1034 1242 375
0.0 203.0 131.0 51.0 1035 1242 375
485.0 185.0 44.0 29.0 1036 1242 375
555.0 181.0 29.0 20.0 1037 1242 375
592.0 180.0 22.0 16.0 1038 1242 375
338.0 189.0 75.0 38.0 1039 1242 375
396.0 182.0 48.0 36.0 1040 1242 375
453.0 184.0 39.0 24.0 1043 1242 375
522.0 183.0 23.0 19.0 1044 1242 375
214.0 186.0 61.0 40.0 1051 1242 375
194.0 187.0 46.0 27.0 1054 1242 375
