594.0 183.0 94.0 86.0 1000 1242 375
731.0 178.0 127.0 63.0 1028 1242 375
695.0 182.0 52.0 37.0 1029 1242 375
675.0 182.0 32.0 26.0 1030 1242 375
0.0 210.0 169.0 141.0 1034 1242 375
58.0 205.0 124.0 63.0 1035 1242 375
478.0 186.0 46.0 29.0 1036 1242 375
553.0 181.0 28.0 21.0 1037 1242 375
589.0 180.0 22.0 16.0 1038 1242 375
336.0 189.0 75.0 38.0 1039 1242 375
395.0 182.0 48.0 37.0 1040 1242 375
452.0 184.0 37.0 24.0 1043 1242 375
518.0 184.0 27.0 17.0 1044 1242 375
211.0 187.0 61.0 40.0 1051 1242 375
192.0 187.0 46.0 25.0 1054 1242 375
