596.0 183.0 90.0 85.0 1000 1242 375
732.0 178.0 128.0 64.0 1028 1242 375
696.0 182.0 49.0 38.0 1029 1242 375
675.0 183.0 32.0 29.0 1030 1242 375
0.0 217.0 88.0 121.0 1034 1242 375
31.0 205.0 144.0 71.0 1035 1242 375
472.0 187.0 47.0 29.0 1036 1242 375
550.0 182.0 27.0 20.0 1037 1242 375
587.0 180.0 23.0 17.0 1038 1242 375
332.0 190.0 77.0 38.0 1039 1242 375
393.0 182.0 48.0 37.0 1040 1242 375
450.0 184.0 38.0 24.0 1043 1242 375
515.0 184.0 30.0 18.0 1044 1242 375
206.0 187.0 70.0 41.0 1051 1242 375
185.0 187.0 51.0 26.0 1054 1242 375
