596.0 183.0 89.0 83.0 1000 1242 375
734.0 178.0 128.0 64.0 1028 1242 375
697.0 182.0 49.0 38.0 1029 1242 375
674.0 182.0 36.0 30.0 1030 1242 375
0.0 206.0 168.0 85.0 1035 1242 375
464.0 187.0 49.0 31.0 1036 1242 375
542.0 182.0 32.0 21.0 1037 1242 375
584.0 181.0 23.0 16.0 1038 1242 375
330.0 190.0 77.0 38.0 1039 1242 375
392.0 182.0 47.0 38.0 1040 1242 375
448.0 184.0 39.0 25.0 1043 1242 375
512.0 184.0 32.0 18.0 1044 1242 375
201.0 188.0 83.0 41.0 1051 1242 375
185.0 187.0 50.0 27.0 1054 1242 375
