596.0 183.0 87.0 81.0 1000 1242 375
735.0 178.0 131.0 66.0 1028 1242 375
697.0 181.0 51.0 40.0 1029 1242 375
674.0 183.0 34.0 30.0 1030 1242 375
0.0 207.0 159.0 88.0 1035 1242 375
456.0 188.0 52.0 31.0 1036 1242 375
538.0 183.0 33.0 21.0 1037 1242 375
581.0 181.0 24.0 17.0 1038 1242 375
326.0 191.0 79.0 38.0 1039 1242 375
389.0 183.0 48.0 37.0 1040 1242 375
443.0 184.0 43.0 26.0 1043 1242 375
508.0 184.0 33.0 18.0 1044 1242 375
197.0 188.0 83.0 41.0 1051 1242 375
181.0 188.0 47.0 27.0 1054 1242 375
