596.0 183.0 87.0 79.0 1000 1242 375
737.0 177.0 133.0 68.0 1028 1242 375
698.0 181.0 50.0 40.0 1029 1242 375
674.0 183.0 35.0 30.0 1030 1242 375
0.0 208.0 149.0 90.0 1035 1242 375
452.0 188.0 49.0 33.0 1036 1242 375
534.0 182.0 33.0 24.0 1037 1242 375
577.0 181.0 26.0 18.0 1038 1242 375
323.0 191.0 79.0 39.0 1039 1242 375
387.0 183.0 49.0 38.0 1040 1242 375
440.0 183.0 45.0 26.0 1043 1242 375
509.0 184.0 31.0 18.0 1044 1242 375
191.0 188.0 85.0 42.0 1051 1242 375
174.0 188.0 51.0 28.0 1054 1242 375
