597.0 184.0 84.0 75.0 1000 1242 375
739.0 178.0 135.0 70.0 1028 1242 375
698.0 182.0 53.0 40.0 1029 1242 375
673.0 183.0 38.0 31.0 1030 1242 375
0.0 209.0 137.0 92.0 1035 1242 375
436.0 188.0 59.0 36.0 1036 1242 375
529.0 182.0 34.0 24.0 1037 1242 375
574.0 182.0 26.0 18.0 1038 1242 375
318.0 191.0 82.0 40.0 1039 1242 375
385.0 183.0 48.0 38.0 1040 1242 375
451.0 185.0 33.0 5.0 1043 1242 375
508.0 185.0 28.0 17.0 1044 1242 375
185.0 188.0 87.0 42.0 1051 1242 375
170.0 188.0 50.0 28.0 1054 1242 375
