597.0 183.0 83.0 76.0 1000 1242 375
742.0 178.0 137.0 71.0 1028 1242 375
699.0 182.0 52.0 41.0 1029 1242 375
673.0 184.0 38.0 31.0 1030 1242 375
0.0 210.0 124.0 87.0 1035 1242 375
424.0 190.0 63.0 37.0 1036 1242 375
525.0 183.0 36.0 25.0 1037 1242 375
571.0 182.0 26.0 18.0 1038 1242 375
315.0 192.0 82.0 40.0 1039 1242 375
383.0 183.0 48.0 39.0 1040 1242 375
448.0 186.0 35.0 5.0 1043 1242 375
505.0 186.0 27.0 18.0 1044 1242 375
181.0 189.0 87.0 41.0 1051 1242 375
167.0 190.0 42.0 27.0 1054 1242 375
