597.0 184.0 81.0 74.0 1000 1242 375
744.0 178.0 139.0 73.0 1028 1242 375
700.0 182.0 55.0 41.0 1029 1242 375
673.0 184.0 39.0 31.0 1030 1242 375
0.0 211.0 110.0 83.0 1035 1242 375
412.0 190.0 67.0 40.0 1036 1242 375
520.0 184.0 36.0 26.0 1037 1242 375
567.0 182.0 28.0 19.0 1038 1242 375
309.0 192.0 85.0 41.0 1039 1242 375
380.0 183.0 49.0 39.0 1040 1242 375
450.0 186.0 34.0 24.0 1043 1242 375
505.0 186.0 22.0 17.0 1044 1242 375
180.0 189.0 83.0 41.0 1051 1242 375
162.0 190.0 44.0 19.0 1054 1242 375
