597.0 183.0 80.0 74.0 1000 1242 375
747.0 177.0 142.0 75.0 1028 1242 375
700.0 182.0 57.0 41.0 1029 1242 375
673.0 184.0 39.0 31.0 1030 1242 375
0.0 212.0 94.0 81.0 1035 1242 375
399.0 190.0 72.0 43.0 1036 1242 375
514.0 185.0 37.0 26.0 1037 1242 375
564.0 182.0 28.0 19.0 1038 1242 375
304.0 192.0 86.0 42.0 1039 1242 375
375.0 183.0 48.0 38.0 1040 1242 375
444.0 186.0 39.0 24.0 1043 1242 375
505.0 186.0 18.0 17.0 1044 1242 375
165.0 189.0 93.0 45.0 1051 1242 375
153.0 187.0 57.0 31.0 1054 1242 375
