597.0 183.0 79.0 72.0 1000 1242 375
750.0 177.0 145.0 77.0 1028 1242 375
702.0 182.0 58.0 42.0 1029 1242 375
673.0 184.0 39.0 32.0 1030 1242 375
0.0 213.0 78.0 80.0 1035 1242 375
384.0 190.0 76.0 48.0 1036 1242 375
507.0 184.0 39.0 27.0 1037 1242 375
560.0 182.0 29.0 20.0 1038 1242 375
298.0 193.0 88.0 42.0 1039 1242 375
373.0 183.0 45.0 30.0 1040 1242 375
445.0 186.0 37.0 26.0 1043 1242 375
502.0 186.0 17.0 17.0 1044 1242 375
156.0 189.0 96.0 46.0 1051 1242 375
147.0 189.0 51.0 25.0 1054 1242 375
