595.0 183.0 75.0 67.0 1000 1242 375
770.0 175.0 165.0 91.0 1028 1242 375
707.0 182.0 73.0 45.0 1029 1242 375
675.0 183.0 50.0 35.0 1030 1242 375
254.0 196.0 130.0 73.0 1036 1242 375
472.0 186.0 50.0 33.0 1037 1242 375
539.0 182.0 32.0 23.0 1038 1242 375
262.0 194.0 87.0 32.0 1039 1242 375
349.0 183.0 59.0 40.0 1040 1242 375
588.0 181.0 25.0 16.0 1041 1242 375
424.0 185.0 48.0 28.0 1043 1242 375
511.0 184.0 17.0 18.0 1044 1242 375
104.0 190.0 111.0 50.0 1051 1242 375
109.0 188.0 60.0 23.0 1054 1242 375
646.0 179.0 24.0 16.0 1058 1242 375
