595.0 183.0 74.0 65.0 1000 1242 375
777.0 174.0 170.0 95.0 1028 1242 375
708.0 181.0 78.0 46.0 1029 1242 375
675.0 182.0 50.0 36.0 1030 1242 375
208.0 196.0 140.0 81.0 1036 1242 375
463.0 184.0 53.0 36.0 1037 1242 375
535.0 182.0 32.0 24.0 1038 1242 375
290.0 192.0 58.0 7.0 1039 1242 375
354.0 182.0 51.0 44.0 1040 1242 375
585.0 181.0 25.0 15.0 1041 1242 375
421.0 184.0 48.0 29.0 1043 1242 375
507.0 184.0 20.0 20.0 1044 1242 375
90.0 190.0 115.0 51.0 1051 1242 375
101.0 195.0 27.0 14.0 1054 1242 375
647.0 180.0 24.0 15.0 1058 1242 375
