595.0 182.0 71.0 65.0 1000 1242 375
782.0 174.0 177.0 98.0 1028 1242 375
709.0 180.0 83.0 48.0 1029 1242 375
676.0 182.0 50.0 36.0 1030 1242 375
149.0 198.0 182.0 92.0 1036 1242 375
453.0 184.0 55.0 38.0 1037 1242 375
533.0 182.0 30.0 24.0 1038 1242 375
275.0 191.0 76.0 42.0 1039 1242 375
340.0 182.0 61.0 45.0 1040 1242 375
581.0 180.0 26.0 16.0 1041 1242 375
417.0 184.0 47.0 29.0 1043 1242 375
503.0 184.0 22.0 20.0 1044 1242 375
74.0 190.0 122.0 52.0 1051 1242 375
84.0 187.0 117.0 24.0 1054 1242 375
652.0 180.0 22.0 15.0 1058 1242 375
