596.0 181.0 69.0 66.0 1000 1242 375
789.0 174.0 183.0 103.0 1028 1242 375
712.0 180.0 86.0 49.0 1029 1242 375
676.0 182.0 52.0 37.0 1030 1242 375
72.0 201.0 229.0 104.0 1036 1242 375
441.0 184.0 60.0 40.0 1037 1242 375
527.0 182.0 32.0 25.0 1038 1242 375
269.0 191.0 77.0 49.0 1039 1242 375
333.0 181.0 62.0 46.0 1040 1242 375
577.0 180.0 28.0 17.0 1041 1242 375
413.0 184.0 48.0 28.0 1043 1242 375
494.0 183.0 33.0 20.0 1044 1242 375
59.0 191.0 97.0 53.0 1051 1242 375
173.0 188.0 19.0 16.0 1054 1242 375
654.0 180.0 21.0 14.0 1058 1242 375
