595.0 181.0 69.0 65.0 1000 1242 375
796.0 174.0 190.0 107.0 1028 1242 375
714.0 180.0 89.0 49.0 1029 1242 375
677.0 181.0 52.0 38.0 1030 1242 375
0.0 203.0 257.0 125.0 1036 1242 375
429.0 184.0 64.0 43.0 1037 1242 375
523.0 182.0 31.0 26.0 1038 1242 375
242.0 190.0 97.0 53.0 1039 1242 375
326.0 181.0 64.0 47.0 1040 1242 375
574.0 180.0 27.0 17.0 1041 1242 375
409.0 184.0 40.0 28.0 1043 1242 375
490.0 184.0 29.0 20.0 1044 1242 375
41.0 190.0 126.0 45.0 1051 1242 375
161.0 188.0 23.0 16.0 1054 1242 375
655.0 180.0 22.0 13.0 1058 1242 375
