594.0 180.0 68.0 65.0 1000 1242 375
806.0 174.0 197.0 113.0 1028 1242 375
715.0 180.0 93.0 50.0 1029 1242 375
677.0 181.0 55.0 39.0 1030 1242 375
0.0 206.0 199.0 154.0 1036 1242 375
414.0 185.0 69.0 45.0 1037 1242 375
508.0 181.0 41.0 27.0 1038 1242 375
210.0 190.0 122.0 55.0 1039 1242 375
319.0 180.0 66.0 48.0 1040 1242 375
569.0 179.0 29.0 18.0 1041 1242 375
405.0 183.0 53.0 29.0 1043 1242 375
483.0 183.0 32.0 21.0 1044 1242 375
48.0 189.0 113.0 21.0 1051 1242 375
152.0 187.0 25.0 26.0 1054 1242 375
655.0 180.0 23.0 13.0 1058 1242 375
