594.0 181.0 69.0 64.0 1000 1242 375
816.0 172.0 206.0 121.0 1028 1242 375
718.0 180.0 94.0 52.0 1029 1242 375
678.0 181.0 55.0 39.0 1030 1242 375
0.0 213.0 118.0 131.0 1036 1242 375
398.0 184.0 74.0 49.0 1037 1242 375
500.0 181.0 44.0 29.0 1038 1242 375
196.0 191.0 129.0 58.0 1039 1242 375
312.0 180.0 67.0 49.0 1040 1242 375
565.0 179.0 29.0 19.0 1041 1242 375
398.0 183.0 56.0 26.0 1043 1242 375
481.0 183.0 28.0 21.0 1044 1242 375
26.0 189.0 122.0 35.0 1051 1242 375
139.0 188.0 28.0 27.0 1054 1242 375
657.0 179.0 23.0 14.0 1058 1242 375
