593.0 181.0 69.0 64.0 1000 1242 375
828.0 172.0 216.0 129.0 1028 1242 375
720.0 180.0 97.0 53.0 1029 1242 375
679.0 181.0 58.0 40.0 1030 1242 375
378.0 184.0 82.0 54.0 1037 1242 375
492.0 181.0 45.0 30.0 1038 1242 375
183.0 192.0 133.0 57.0 1039 1242 375
304.0 181.0 71.0 50.0 1040 1242 375
561.0 180.0 30.0 19.0 1041 1242 375
395.0 184.0 48.0 14.0 1043 1242 375
479.0 184.0 24.0 19.0 1044 1242 375
0.0 191.0 134.0 58.0 1051 1242 375
116.0 187.0 43.0 35.0 1054 1242 375
659.0 179.0 22.0 14.0 1058 1242 375
