590.0 180.0 71.0 64.0 1000 1242 375
841.0 172.0 227.0 138.0 1028 1242 375
723.0 180.0 99.0 55.0 1029 1242 375
680.0 181.0 59.0 41.0 1030 1242 375
355.0 187.0 92.0 56.0 1037 1242 375
484.0 180.0 48.0 33.0 1038 1242 375
166.0 193.0 141.0 60.0 1039 1242 375
296.0 180.0 70.0 52.0 1040 1242 375
556.0 180.0 33.0 19.0 1041 1242 375
392.0 183.0 56.0 28.0 1043 1242 375
476.0 184.0 18.0 19.0 1044 1242 375
0.0 190.0 118.0 60.0 1051 1242 375
115.0 187.0 35.0 34.0 1054 1242 375
660.0 178.0 25.0 14.0 1058 1242 375
