589.0 180.0 71.0 64.0 1000 1242 375
859.0 171.0 238.0 149.0 1028 1242 375
726.0 179.0 102.0 58.0 1029 1242 375
681.0 181.0 61.0 42.0 1030 1242 375
328.0 185.0 103.0 64.0 1037 1242 375
476.0 180.0 50.0 34.0 1038 1242 375
149.0 194.0 148.0 61.0 1039 1242 375
286.0 180.0 75.0 52.0 1040 1242 375
551.0 180.0 33.0 20.0 1041 1242 375
403.0 183.0 42.0 31.0 1043 1242 375
473.0 183.0 16.0 17.0 1044 1242 375
1.0 190.0 100.0 47.0 1051 1242 375
79.0 187.0 60.0 33.0 1054 1242 375
662.0 178.0 24.0 14.0 1058 1242 375
