588.0 181.0 71.0 63.0 1000 1242 375
879.0 171.0 252.0 162.0 1028 1242 375
730.0 180.0 104.0 60.0 1029 1242 375
682.0 181.0 61.0 44.0 1030 1242 375
296.0 187.0 116.0 72.0 1037 1242 375
467.0 182.0 53.0 36.0 1038 1242 375
130.0 195.0 157.0 65.0 1039 1242 375
275.0 181.0 74.0 52.0 1040 1242 375
546.0 181.0 35.0 20.0 1041 1242 375
395.0 183.0 47.0 34.0 1043 1242 375
32.0 194.0 50.0 44.0 1051 1242 375
61.0 190.0 66.0 31.0 1054 1242 375
638.0 179.0 21.0 21.0 1057 1242 375
666.0 179.0 21.0 13.0 1058 1242 375
