588.0 182.0 70.0 62.0 1000 1242 375
904.0 170.0 268.0 180.0 1028 1242 375
734.0 180.0 108.0 62.0 1029 1242 375
684.0 181.0 64.0 45.0 1030 1242 375
254.0 189.0 137.0 78.0 1037 1242 375
455.0 182.0 59.0 38.0 1038 1242 375
111.0 195.0 162.0 67.0 1039 1242 375
265.0 181.0 79.0 32.0 1040 1242 375
541.0 181.0 36.0 21.0 1041 1242 375
383.0 183.0 57.0 35.0 1043 1242 375
505.0 183.0 8.0 13.0 1044 1242 375
3.0 192.0 60.0 50.0 1051 1242 375
44.0 189.0 72.0 33.0 1054 1242 375
640.0 179.0 20.0 19.0 1057 1242 375
