588.0 182.0 70.0 62.0 1000 1242 375
934.0 170.0 291.0 200.0 1028 1242 375
739.0 180.0 111.0 65.0 1029 1242 375
685.0 182.0 68.0 46.0 1030 1242 375
202.0 192.0 163.0 89.0 1037 1242 375
444.0 183.0 64.0 40.0 1038 1242 375
89.0 196.0 160.0 69.0 1039 1242 375
259.0 181.0 79.0 16.0 1040 1242 375
535.0 182.0 37.0 22.0 1041 1242 375
372.0 183.0 64.0 36.0 1043 1242 375
495.0 183.0 18.0 20.0 1044 1242 375
0.0 192.0 41.0 53.0 1051 1242 375
24.0 190.0 77.0 33.0 1054 1242 375
641.0 180.0 23.0 18.0 1057 1242 375
