587.0 182.0 71.0 62.0 1000 1242 375
972.0 168.0 270.0 207.0 1028 1242 375
742.0 180.0 117.0 69.0 1029 1242 375
687.0 182.0 69.0 48.0 1030 1242 375
131.0 195.0 201.0 103.0 1037 1242 375
432.0 184.0 56.0 42.0 1038 1242 375
64.0 194.0 172.0 77.0 1039 1242 375
255.0 181.0 81.0 39.0 1040 1242 375
529.0 182.0 40.0 24.0 1041 1242 375
368.0 184.0 64.0 36.0 1043 1242 375
491.0 184.0 21.0 21.0 1044 1242 375
3.0 190.0 84.0 36.0 1054 1242 375
642.0 179.0 23.0 19.0 1057 1242 375
332.0 196.0 9.0 17.0 1059 1242 375
