587.0 181.0 72.0 64.0 1000 1242 375
1015.0 168.0 227.0 207.0 1028 1242 375
746.0 180.0 123.0 71.0 1029 1242 375
689.0 182.0 71.0 49.0 1030 1242 375
30.0 196.0 261.0 123.0 1037 1242 375
417.0 184.0 68.0 45.0 1038 1242 375
37.0 193.0 146.0 74.0 1039 1242 375
242.0 182.0 85.0 55.0 1040 1242 375
523.0 182.0 41.0 24.0 1041 1242 375
361.0 184.0 66.0 37.0 1043 1242 375
481.0 184.0 28.0 21.0 1044 1242 375
0.0 191.0 74.0 38.0 1054 1242 375
645.0 179.0 23.0 18.0 1057 1242 375
321.0 189.0 14.0 23.0 1059 1242 375
