587.0 181.0 72.0 63.0 1000 1242 375
1075.0 166.0 167.0 209.0 1028 1242 375
754.0 179.0 126.0 75.0 1029 1242 375
692.0 181.0 70.0 51.0 1030 1242 375
0.0 199.0 235.0 153.0 1037 1242 375
401.0 183.0 75.0 49.0 1038 1242 375
215.0 181.0 103.0 64.0 1040 1242 375
516.0 182.0 43.0 25.0 1041 1242 375
599.0 176.0 23.0 11.0 1042 1242 375
355.0 184.0 63.0 37.0 1043 1242 375
471.0 183.0 37.0 23.0 1044 1242 375
0.0 191.0 53.0 34.0 1054 1242 375
647.0 178.0 23.0 18.0 1057 1242 375
308.0 184.0 20.0 31.0 1059 1242 375
