587.0 179.0 73.0 64.0 1000 1242 375
1159.0 172.0 83.0 203.0 1028 1242 375
759.0 178.0 133.0 79.0 1029 1242 375
695.0 181.0 74.0 52.0 1030 1242 375
0.0 199.0 156.0 152.0 1037 1242 375
382.0 183.0 84.0 52.0 1038 1242 375
87.0 198.0 122.0 66.0 1039 1242 375
199.0 179.0 109.0 67.0 1040 1242 375
509.0 180.0 45.0 28.0 1041 1242 375
595.0 175.0 24.0 17.0 1042 1242 375
348.0 183.0 58.0 37.0 1043 1242 375
462.0 182.0 45.0 25.0 1044 1242 375
0.0 189.0 27.0 8.0 1054 1242 375
648.0 178.0 24.0 17.0 1057 1242 375
303.0 185.0 19.0 27.0 1059 1242 375
