588.0 178.0 72.0 64.0 1000 1242 375
766.0 177.0 139.0 83.0 1029 1242 375
698.0 180.0 82.0 54.0 1030 1242 375
0.0 232.0 38.0 143.0 1037 1242 375
361.0 181.0 92.0 58.0 1038 1242 375
5.0 197.0 187.0 89.0 1039 1242 375
182.0 178.0 117.0 70.0 1040 1242 375
502.0 180.0 47.0 28.0 1041 1242 375
591.0 173.0 27.0 20.0 1042 1242 375
341.0 182.0 52.0 37.0 1043 1242 375
457.0 181.0 47.0 23.0 1044 1242 375
6.0 190.0 19.0 32.0 1054 1242 375
650.0 177.0 25.0 17.0 1057 1242 375
293.0 185.0 22.0 28.0 1059 1242 375
